CF83 DISKS

157 BLOCKS (0-156) OF 4 SECTORS (0-3) EACH.
256 BYTES PER SECTOR.

BLOCK		MIN SECTOR	MAX SECTOR
-----		----------	----------
   0						0						3
   1						4						7
   2						8					 11
   3					 12					 15
   4					 16					 19
   5					 20					 23
   6					 24					 27
   7					 28					 31
   8					 32					 35
   9					 36					 39
  10					 40					 43
  11					 44					 47
  12					 48					 51
  13					 52					 55
  14					 56					 59
  15					 60					 63
  16					 64					 67
  17					 68					 71
  18					 72					 75
  19					 76					 79
  20					 80					 83
  21					 84					 87
  22					 88					 91
  23					 92					 95
  24					 96					 99
  25					100					103
  26					104					107
  27					108					111
  28					112					115
  29					116					119
  30					120					123
  31					124					127
  32					128					131
  33					132					135
  34					136					139
  35					140					143
  36					144					147
  37					148					151
  38					152					155
  39					156					159
  40					160					163
  41					164					167
  42					168					171
  43					172					175
  44					176					179
  45					180					183
  46					184					187
  47					188					191
  48					192					195
  49					196					199
  50					200					203
  51					204					207
  52					208					211
  53					212					215
  54					216					219
  55					220					223
  56					224					227
  57					228					231
  58					232					235
  59					236					239
  60					240					243
  61					244					247
  62					248					251
  63					252					255
  64					256					259
  65					260					263
  66					264					267
  67					268					271
  68					272					275
  69					276					279
  70					280					283
  71					284					287
  72					288					291
  73					292					295
  74					296					299
  75					300					303					Ref: Track 17 on RS-DOS disks --
  76					304					307					START RSDOS DISK DIR + FAT @ SECTOR 306
  77					308					311
  78					312					315
  79					316					319
  80					320					323					END RSDOS DISK DIR + FAT @ SECTOR 323
  81					324					327
  82					328					331
  83					332					335
  84					336					339
  85					340					343
  86					344					347
  87					348					351
  88					352					355
  89					356					359
  90					360					363
  91					364					367
  92					368					371
  93					372					375
  94					376					379
  95					380					383
  96					384					387
  97					388					391
  98					392					395
  99					396					399
 100					400					403
 101					404					407
 102					408					411
 103					412					415
 104					416					419
 105					420					423
 106					424					427
 107					428					431
 108					432					435
 109					436					439
 110					440					443
 111					444					447
 112					448					451
 113					452					455
 114					456					459
 115					460					463
 116					464					467
 117					468					471
 118					472					475
 119					476					479
 120					480					483
 121					484					487
 122					488					491
 123					492					495
 124					496					499
 125					500					503
 126					504					507
 127					508					511
 128					512					515
 129					516					519
 130					520					523
 131					524					527
 132					528					531
 133					532					535
 134					536					539
 135					540					543
 136					544					547
 137					548					551
 138					552					555
 139					556					559
 140					560					563
 141					564					567
 142					568					571
 143					572					575
 144					576					579
 145					580					583
 146					584					587
 147					588					591
 148					592					595
 149					596					599
 150					600					603
 151					604					607
 152					608					611
 153					612					615
 154					616					619
 155					620					623
 156					624					627
 ---					628					629					UNUSED
 
 
 RELATIVE BLOCK NUMBERS
 
 DISK0   DISK1   DISK2   DISK3
 -----	 -----	 -----	 -----
 		0			157			314			471
 		1			158			315			472
 		2			159			316			473
 		3			160			317			474
 		4			161			318			475
 		5			162			319			476
 		6			163			320			477
 		7			164			321			478
 		8			165			322			479
 		9			166			323			480
 	 10			167			324			481
 	 11			168			325			482
 	 12			169			326			483
 	 13			170			327			484
 	 14			171			328			485
 	 15			172			329			486
 	 16			173			330			487
 	 17			174			331			488
 	 18			175			332			489
 	 19			176			333			490
 	 20			177			334			491
 	 21			178			335			492
 	 22			179			336			493
 	 23			180			337			494
 	 24			181			338			495
 	 25			182			339			496
 	 26			183			340			497
 	 27			184			341			498
 	 28			185			342			499
 	 29			186			343			500
 	 30			187			344			501
 	 31			188			345			502
 	 32			189			346			503
 	 33			190			347			504
 	 34			191			348			505
 	 35			192			349			506
 	 36			193			350			507
 	 37			194			351			508
 	 38			195			352			509
 	 39			196			353			510
 	 40			197			354			511
 	 41			198			355			512
 	 42			199			356			513
 	 43			200			357			514
 	 44			201			358			515
 	 45			202			359			516
 	 46			203			360			517
 	 47			204			361			518
 	 48			205			362			519
 	 49			206			363			520
 	 50			207			364			521
 	 51			208			365			522
 	 52			209			366			523
 	 53			210			367			524
 	 54			211			368			525
 	 55			212			369			526
 	 56			213			370			527
 	 57			214			371			528
 	 58			215			372			529
 	 59			216			373			530
 	 60			217			374			531
 	 61			218			375			532
 	 62			219			376			533
 	 63			220			377			534
 	 64			221			378			535
 	 65			222			379			536
 	 66			223			380			537
 	 67			224			381			538
 	 68			225			382			539
 	 69			226			383			540
 	 70			227			384			541
 	 71			228			385			542
 	 72			229			386			543
 	 73			230			387			544
 	 74			231			388			545
 	 75			232			389			546
 	 76			233			390			547					START RSDOS DISK DIR + FAT @ 3rd SECTOR
 	 77			234			391			548					
 	 78			235			392			549					
 	 79			236			393			550
 	 80			237			394			551					END RSDOS DISK DIR + FAT @ 4th SECTOR
 	 81			238			395			552
 	 82			239			396			553					
 	 83			240			397			554
 	 84			241			398			555
 	 85			242			399			556
 	 86			243			400			557
 	 87			244			401			558
 	 88			245			402			559
 	 89			246			403			560
 	 90			247			404			561
 	 91			248			405			562
 	 92			249			406			563
 	 93			250			407			564
 	 94			251			408			565
 	 95			252			409			566
 	 96			253			410			567
 	 97			254			411			568
 	 98			255			412			569
 	 99			256			413			570
 	100			257			414			571
 	101			258			415			572
 	102			259			416			573
 	103			260			417			574
 	104			261			418			575
 	105			262			419			576
 	106			263			420			577
 	107			264			421			578
 	108			265			422			579
 	109			266			423			580
 	110			267			424			581
 	111			268			425			582
 	112			269			426			583
 	113			270			427			584
 	114			271			428			585
 	115			272			429			586
 	116			273			430			587
 	117			274			431			588
 	118			275			432			589
 	119			276			433			590
 	120			277			434			591
 	121			278			435			592
 	122			279			436			593
 	123			280			437			594
 	124			281			438			595
 	125			282			439			596
 	126			283			440			597
 	127			284			441			598
 	128			285			442			599
 	129			286			443			600
 	130			287			444			601
 	131			288			445			602
 	132			289			446			603
 	133			290			447			604
 	134			291			448			605
 	135			292			449			606
 	136			293			450			607
 	137			294			451			608
 	138			295			452			609
 	139			296			453			610
 	140			297			454			611
 	141			298			455			612
 	142			299			456			613
 	143			300			457			614
 	144			301			458			615
 	145			302			459			616
 	146			303			460			617
 	147			304			461			618
 	148			305			462			619
 	149			306			463			620
 	150			307			464			621
 	151			308			465			622
 	152			309			466			623
 	153			310			467			624
 	154			311			468			625
 	155			312			469			626
 	156			313			470			627



                                  ** END **
 	
 	
 	
 	 
 		